data/argos.grd
DSAA
 200   199
    293.6408        313.5408
   5709.7437       5729.5435
  0.0000E+00      4.1173E+02
[rows 125 to 149 of 199, columns 57 to 113 of 200]
3.1103E-03 5.7503E-03 1.0140E-02 1.7502E-02 2.9789E-02 5.0837E-02 8.5512E-02 1.4117E-01 2.2359E-01 3.3413E-01 4.6928E-01 6.3451E-01 8.3706E-01 1.0614E+00 1.2695E+00 1.4524E+00 1.6532E+00 1.8941E+00 2.1176E+00 2.2605E+00 2.3427E+00 2.4185E+00 2.4744E+00 2.4515E+00 2.3295E+00 2.1265E+00 1.8491E+00 1.4954E+00 1.0982E+00 7.2349E-01 4.2540E-01 2.2394E-01 1.0545E-01 4.5162E-02 1.6890E-02 5.1919E-03 1.1689E-03 0.0000E+00 0.0000E+00 0.0000E+00 0.0000E+00 0.0000E+00 0.0000E+00 0.0000E+00 0.0000E+00 0.0000E+00 0.0000E+00 0.0000E+00 0.0000E+00 0.0000E+00 0.0000E+00 0.0000E+00 0.0000E+00 0.0000E+00 0.0000E+00 0.0000E+00 0.0000E+00
6.7166E-03 1.1741E-02 2.0101E-02 3.4055E-02 5.6410E-02 9.2320E-02 1.4886E-01 2.3521E-01 3.5428E-01 4.9735E-01 6.4945E-01 8.1266E-01 1.0057E+00 1.2241E+00 1.4321E+00 1.6167E+00 1.8201E+00 2.0557E+00 2.2493E+00 2.3283E+00 2.3292E+00 2.3327E+00 2.3291E+00 2.2487E+00 2.0648E+00 1.8057E+00 1.4954E+00 1.1454E+00 7.9196E-01 4.8936E-01 2.7052E-01 1.3485E-01 6.0527E-02 2.4584E-02 8.8169E-03 2.7278E-03 2.3980E-04 0.0000E+00 0.0000E+00 0.0000E+00 0.0000E+00 0.0000E+00 0.0000E+00 0.0000E+00 0.0000E+00 0.0000E+00 0.0000E+00 0.0000E+00 0.0000E+00 0.0000E+00 0.0000E+00 0.0000E+00 0.0000E+00 0.0000E+00 0.0000E+00 0.0000E+00 0.0000E+00
1.3122E-02 2.2601E-02 3.7610E-02 6.1312E-02 9.7995E-02 1.5413E-01 2.3702E-01 3.5428E-01 5.0464E-01 6.7112E-01 8.3175E-01 9.8972E-01 1.1736E+00 1.3879E+00 1.5972E+00 1.7865E+00 1.9941E+00 2.2248E+00 2.3823E+00 2.3883E+00 2.3014E+00 2.2266E+00 2.1597E+00 2.0205E+00 1.7850E+00 1.4965E+00 1.1885E+00 8.7111E-01 5.7276E-01 3.3363E-01 1.7354E-01 8.1918E-02 3.5203E-02 1.3283E-02 4.8686E-03 1.3118E-03 0.0000E+00 0.0000E+00 0.0000E+00 0.0000E+00 0.0000E+00 0.0000E+00 0.0000E+00 0.0000E+00 0.0000E+00 0.0000E+00 0.0000E+00 0.0000E+00 0.0000E+00 0.0000E+00 0.0000E+00 0.0000E+00 0.0000E+00 0.0000E+00 0.0000E+00 0.0000E+00 0.0000E+00
2.4317E-02 4.0241E-02 6.4888E-02 1.0260E-01 1.5791E-01 2.3667E-01 3.4440E-01 4.8463E-01 6.5145E-01 8.2466E-01 9.8427E-01 1.1380E+00 1.3150E+00 1.5190E+00 1.7171E+00 1.8979E+00 2.0916E+00 2.2866E+00 2.3843E+00 2.3212E+00 2.1723E+00 2.0428E+00 1.9245E+00 1.7423E+00 1.4839E+00 1.1990E+00 9.2059E-01 6.5210E-01 4.1121E-01 2.2668E-01 1.1085E-01 4.8685E-02 2.0012E-02 7.1568E-03 2.5342E-03 5.6618E-04 0.0000E+00 0.0000E+00 0.0000E+00 0.0000E+00 0.0000E+00 0.0000E+00 0.0000E+00 0.0000E+00 0.0000E+00 0.0000E+00 0.0000E+00 0.0000E+00 0.0000E+00 0.0000E+00 0.0000E+00 0.0000E+00 0.0000E+00 0.0000E+00 0.0000E+00 0.0000E+00 0.0000E+00
4.1635E-02 6.7078E-02 1.0492E-01 1.5945E-01 2.3518E-01 3.3591E-01 4.6295E-01 6.1396E-01 7.7998E-01 9.4613E-01 1.1016E+00 1.2567E+00 1.4307E+00 1.6191E+00 1.7919E+00 1.9400E+00 2.0838E+00 2.2060E+00 2.2279E+00 2.1147E+00 1.9394E+00 1.7837E+00 1.6322E+00 1.4279E+00 1.1727E+00 9.1414E-01 6.7830E-01 4.6447E-01 2.8168E-01 1.4823E-01 6.8625E-02 2.8574E-02 1.0860E-02 3.8379E-03 1.2214E-03 0.0000E+00 0.0000E+00 0.0000E+00 0.0000E+00 0.0000E+00 0.0000E+00 0.0000E+00 0.0000E+00 0.0000E+00 0.0000E+00 0.0000E+00 0.0000E+00 0.0000E+00 0.0000E+00 0.0000E+00 0.0000E+00 0.0000E+00 0.0000E+00 0.0000E+00 0.0000E+00 0.0000E+00 0.0000E+00
6.7197E-02 1.0452E-01 1.5759E-01 2.3057E-01 3.2601E-01 4.4456E-01 5.8293E-01 7.3522E-01 8.9335E-01 1.0499E+00 1.2053E+00 1.3695E+00 1.5498E+00 1.7267E+00 1.8652E+00 1.9572E+00 2.0255E+00 2.0636E+00 2.0206E+00 1.8785E+00 1.6961E+00 1.5302E+00 1.3600E+00 1.1453E+00 8.9872E-01 6.6635E-01 4.6923E-01 3.0627E-01 1.7757E-01 8.9504E-02 3.9416E-02 1.5717E-02 5.3482E-03 1.8867E-03 5.2354E-04 0.0000E+00 0.0000E+00 0.0000E+00 0.0000E+00 0.0000E+00 0.0000E+00 0.0000E+00 0.0000E+00 0.0000E+00 0.0000E+00 0.0000E+00 0.0000E+00 0.0000E+00 0.0000E+00 0.0000E+00 0.0000E+00 0.0000E+00 0.0000E+00 0.0000E+00 0.0000E+00 0.0000E+00 0.0000E+00
1.0121E-01 1.5234E-01 2.2187E-01 3.1220E-01 4.2370E-01 5.5404E-01 6.9774E-01 8.4771E-01 9.9961E-01 1.1526E+00 1.3141E+00 1.4917E+00 1.6799E+00 1.8449E+00 1.9426E+00 1.9685E+00 1.9594E+00 1.9294E+00 1.8444E+00 1.6889E+00 1.5067E+00 1.3388E+00 1.1607E+00 9.3927E-01 6.9457E-01 4.7754E-01 3.1004E-01 1.8781E-01 1.0239E-01 4.9162E-02 2.0923E-02 7.8281E-03 2.6326E-03 8.2411E-04 0.0000E+00 0.0000E+00 0.0000E+00 0.0000E+00 0.0000E+00 0.0000E+00 0.0000E+00 0.0000E+00 0.0000E+00 0.0000E+00 0.0000E+00 0.0000E+00 0.0000E+00 0.0000E+00 0.0000E+00 0.0000E+00 0.0000E+00 0.0000E+00 0.0000E+00 0.0000E+00 0.0000E+00 0.0000E+00 0.0000E+00
1.4341E-01 2.0881E-01 2.9358E-01 3.9842E-01 5.2157E-01 6.5862E-01 8.0390E-01 9.5239E-01 1.1032E+00 1.2591E+00 1.4261E+00 1.6071E+00 1.7864E+00 1.9221E+00 1.9701E+00 1.9346E+00 1.8651E+00 1.7884E+00 1.6784E+00 1.5185E+00 1.3431E+00 1.1804E+00 1.0032E+00 7.8132E-01 5.4320E-01 3.4129E-01 1.9994E-01 1.0993E-01 5.5599E-02 2.5170E-02 1.0313E-02 3.2455E-03 1.0603E-03 3.6372E-04 0.0000E+00 0.0000E+00 0.0000E+00 0.0000E+00 0.0000E+00 0.0000E+00 0.0000E+00 0.0000E+00 0.0000E+00 0.0000E+00 0.0000E+00 0.0000E+00 0.0000E+00 0.0000E+00 0.0000E+00 0.0000E+00 0.0000E+00 0.0000E+00 0.0000E+00 0.0000E+00 0.0000E+00 0.0000E+00 0.0000E+00
1.9144E-01 2.7011E-01 3.6789E-01 4.8351E-01 6.1396E-01 7.5452E-01 9.0080E-01 1.0503E+00 1.2035E+00 1.3615E+00 1.5250E+00 1.6876E+00 1.8284E+00 1.9104E+00 1.9042E+00 1.8240E+00 1.7185E+00 1.6113E+00 1.4839E+00 1.3237E+00 1.1570E+00 1.0006E+00 8.2851E-01 6.2094E-01 4.0813E-01 2.3703E-01 1.2579E-01 6.2569E-02 2.9008E-02 1.2330E-02 4.6945E-03 1.2622E-03 4.4696E-04 0.0000E+00 0.0000E+00 0.0000E+00 0.0000E+00 0.0000E+00 0.0000E+00 0.0000E+00 0.0000E+00 0.0000E+00 0.0000E+00 0.0000E+00 0.0000E+00 0.0000E+00 0.0000E+00 0.0000E+00 0.0000E+00 0.0000E+00 0.0000E+00 0.0000E+00 0.0000E+00 0.0000E+00 0.0000E+00 0.0000E+00 0.0000E+00
2.4215E-01 3.3202E-01 4.3951E-01 5.6245E-01 6.9740E-01 8.4038E-01 9.8847E-01 1.1399E+00 1.2939E+00 1.4475E+00 1.5928E+00 1.7165E+00 1.7985E+00 1.8172E+00 1.7641E+00 1.6613E+00 1.5431E+00 1.4218E+00 1.2826E+00 1.1197E+00 9.5327E-01 7.9487E-01 6.2954E-01 4.4964E-01 2.8044E-01 1.5318E-01 7.5686E-02 3.4625E-02 1.4817E-02 5.7131E-03 1.8938E-03 3.8359E-04 1.1801E-04 0.0000E+00 0.0000E+00 0.0000E+00 0.0000E+00 0.0000E+00 0.0000E+00 0.0000E+00 0.0000E+00 0.0000E+00 0.0000E+00 0.0000E+00 0.0000E+00 0.0000E+00 0.0000E+00 0.0000E+00 0.0000E+00 0.0000E+00 0.0000E+00 0.0000E+00 0.0000E+00 0.0000E+00 0.0000E+00 0.0000E+00 0.0000E+00
2.9140E-01 3.8963E-01 5.0396E-01 6.3172E-01 7.6970E-01 9.1480E-01 1.0645E+00 1.2160E+00 1.3651E+00 1.5035E+00 1.6178E+00 1.6931E+00 1.7162E+00 1.6823E+00 1.6007E+00 1.4932E+00 1.3799E+00 1.2591E+00 1.1139E+00 9.4292E-01 7.6608E-01 5.9970E-01 4.4273E-01 2.9691E-01 1.7531E-01 9.1293E-02 4.2833E-02 1.8347E-02 6.9974E-03 2.6392E-03 5.6676E-04 1.1935E-04 0.0000E+00 0.0000E+00 0.0000E+00 0.0000E+00 0.0000E+00 0.0000E+00 0.0000E+00 0.0000E+00 0.0000E+00 0.0000E+00 0.0000E+00 0.0000E+00 0.0000E+00 0.0000E+00 0.0000E+00 0.0000E+00 0.0000E+00 0.0000E+00 0.0000E+00 0.0000E+00 0.0000E+00 0.0000E+00 0.0000E+00 0.0000E+00 0.0000E+00
3.3543E-01 4.3955E-01 5.5820E-01 6.8888E-01 8.2891E-01 9.7523E-01 1.1242E+00 1.2706E+00 1.4063E+00 1.5194E+00 1.5964E+00 1.6258E+00 1.6041E+00 1.5383E+00 1.4449E+00 1.3424E+00 1.2386E+00 1.1226E+00 9.7453E-01 7.9454E-01 6.0807E-01 4.3937E-01 2.9769E-01 1.8499E-01 1.0311E-01 5.1234E-02 2.2828E-02 9.4645E-03 3.3721E-03 1.0834E-03 1.3145E-04 0.0000E+00 0.0000E+00 0.0000E+00 0.0000E+00 0.0000E+00 0.0000E+00 0.0000E+00 0.0000E+00 0.0000E+00 0.0000E+00 0.0000E+00 0.0000E+00 0.0000E+00 0.0000E+00 0.0000E+00 0.0000E+00 0.0000E+00 0.0000E+00 0.0000E+00 0.0000E+00 0.0000E+00 0.0000E+00 0.0000E+00 0.0000E+00 0.0000E+00 0.0000E+00
3.7140E-01 4.7885E-01 5.9992E-01 7.3216E-01 8.7264E-01 1.0175E+00 1.1612E+00 1.2957E+00 1.4104E+00 1.4930E+00 1.5334E+00 1.5265E+00 1.4768E+00 1.3965E+00 1.3011E+00 1.2023E+00 1.1012E+00 9.8310E-01 8.3138E-01 6.5140E-01 4.6995E-01 3.1480E-01 1.9635E-01 1.1307E-01 5.9451E-02 2.8320E-02 1.2171E-02 4.6452E-03 1.4939E-03 3.5009E-04 0.0000E+00 0.0000E+00 0.0000E+00 0.0000E+00 0.0000E+00 0.0000E+00 0.0000E+00 0.0000E+00 0.0000E+00 0.0000E+00 0.0000E+00 0.0000E+00 0.0000E+00 0.0000E+00 0.0000E+00 0.0000E+00 0.0000E+00 0.0000E+00 0.0000E+00 0.0000E+00 0.0000E+00 0.0000E+00 0.0000E+00 0.0000E+00 0.0000E+00 0.0000E+00 0.0000E+00
3.9691E-01 5.0584E-01 6.2747E-01 7.5936E-01 8.9765E-01 1.0371E+00 1.1701E+00 1.2869E+00 1.3763E+00 1.4288E+00 1.4387E+00 1.4075E+00 1.3437E+00 1.2587E+00 1.1631E+00 1.0619E+00 9.5273E-01 8.2530E-01 6.7276E-01 5.0440E-01 3.4575E-01 2.1787E-01 1.2752E-01 6.8957E-02 3.4358E-02 1.5393E-02 6.3927E-03 2.1893E-03 6.5997E-04 1.5393E-04 0.0000E+00 0.0000E+00 0.0000E+00 0.0000E+00 0.0000E+00 0.0000E+00 0.0000E+00 0.0000E+00 0.0000E+00 0.0000E+00 0.0000E+00 0.0000E+00 0.0000E+00 0.0000E+00 0.0000E+00 0.0000E+00 0.0000E+00 0.0000E+00 0.0000E+00 0.0000E+00 0.0000E+00 0.0000E+00 0.0000E+00 0.0000E+00 0.0000E+00 0.0000E+00 0.0000E+00
4.1087E-01 5.1930E-01 6.3952E-01 7.6834E-01 9.0095E-01 1.0306E+00 1.1482E+00 1.2438E+00 1.3082E+00 1.3351E+00 1.3235E+00 1.2787E+00 1.2089E+00 1.1230E+00 1.0257E+00 9.1792E-01 7.9745E-01 6.6203E-01 5.1489E-01 3.6873E-01 2.4170E-01 1.4567E-01 8.1263E-02 4.1979E-02 1.9961E-02 8.6347E-03 3.3893E-03 1.0667E-03 3.4985E-04 3.2202E-05 0.0000E+00 0.0000E+00 0.0000E+00 0.0000E+00 0.0000E+00 0.0000E+00 0.0000E+00 0.0000E+00 0.0000E+00 0.0000E+00 0.0000E+00 0.0000E+00 0.0000E+00 0.0000E+00 0.0000E+00 0.0000E+00 0.0000E+00 0.0000E+00 0.0000E+00 0.0000E+00 0.0000E+00 0.0000E+00 0.0000E+00 0.0000E+00 0.0000E+00 0.0000E+00 0.0000E+00
4.1277E-01 5.1862E-01 6.3491E-01 7.5768E-01 8.8094E-01 9.9686E-01 1.0964E+00 1.1709E+00 1.2134E+00 1.2214E+00 1.1969E+00 1.1454E+00 1.0739E+00 9.8721E-01 8.8690E-01 7.7292E-01 6.4640E-01 5.1203E-01 3.7888E-01 2.5921E-01 1.6317E-01 9.5021E-02 5.1080E-02 2.5560E-02 1.1686E-02 4.9425E-03 1.7010E-03 6.1288E-04 1.7609E-04 0.0000E+00 0.0000E+00 0.0000E+00 0.0000E+00 0.0000E+00 0.0000E+00 0.0000E+00 0.0000E+00 0.0000E+00 0.0000E+00 0.0000E+00 0.0000E+00 0.0000E+00 0.0000E+00 0.0000E+00 0.0000E+00 0.0000E+00 0.0000E+00 0.0000E+00 0.0000E+00 0.0000E+00 0.0000E+00 0.0000E+00 0.0000E+00 0.0000E+00 0.0000E+00 0.0000E+00 0.0000E+00
4.0278E-01 5.0386E-01 6.1370E-01 7.2733E-01 8.3813E-01 9.3830E-01 1.0195E+00 1.0749E+00 1.1005E+00 1.0961E+00 1.0645E+00 1.0105E+00 9.3827E-01 8.5029E-01 7.4773E-01 6.3241E-01 5.0857E-01 3.8513E-01 2.7215E-01 1.7851E-01 1.0843E-01 6.1253E-02 3.2022E-02 1.5494E-02 6.7606E-03 2.8079E-03 9.5258E-04 3.3836E-04 6.8419E-05 0.0000E+00 0.0000E+00 0.0000E+00 0.0000E+00 0.0000E+00 0.0000E+00 0.0000E+00 0.0000E+00 0.0000E+00 0.0000E+00 0.0000E+00 0.0000E+00 0.0000E+00 0.0000E+00 0.0000E+00 0.0000E+00 0.0000E+00 0.0000E+00 0.0000E+00 0.0000E+00 0.0000E+00 0.0000E+00 0.0000E+00 0.0000E+00 0.0000E+00 0.0000E+00 0.0000E+00 0.0000E+00
3.8193E-01 4.7608E-01 5.7690E-01 6.7897E-01 7.7570E-01 8.5959E-01 9.2394E-01 9.6397E-01 9.7765E-01 9.6563E-01 9.3050E-01 8.7543E-01 8.0284E-01 7.1458E-01 6.1268E-01 5.0163E-01 3.8860E-01 2.8261E-01 1.9210E-01 1.2143E-01 7.1543E-02 3.9025E-02 1.9923E-02 9.3641E-03 4.0819E-03 1.5944E-03 5.7337E-04 1.7880E-04 0.0000E+00 0.0000E+00 0.0000E+00 0.0000E+00 0.0000E+00 0.0000E+00 0.0000E+00 0.0000E+00 0.0000E+00 0.0000E+00 0.0000E+00 0.0000E+00 0.0000E+00 0.0000E+00 0.0000E+00 0.0000E+00 0.0000E+00 0.0000E+00 0.0000E+00 0.0000E+00 0.0000E+00 0.0000E+00 0.0000E+00 0.0000E+00 0.0000E+00 0.0000E+00 0.0000E+00 0.0000E+00 0.0000E+00
3.5187E-01 4.3714E-01 5.2707E-01 6.1623E-01 6.9835E-01 7.6721E-01 8.1740E-01 8.4580E-01 8.5130E-01 8.3468E-01 7.9777E-01 7.4236E-01 6.7030E-01 5.8385E-01 4.8705E-01 3.8591E-01 2.8876E-01 2.0260E-01 1.3300E-01 8.1325E-02 4.6701E-02 2.4945E-02 1.2466E-02 5.6549E-03 2.4357E-03 8.3883E-04 3.3286E-04 8.8459E-05 0.0000E+00 0.0000E+00 0.0000E+00 0.0000E+00 0.0000E+00 0.0000E+00 0.0000E+00 0.0000E+00 0.0000E+00 0.0000E+00 0.0000E+00 0.0000E+00 0.0000E+00 0.0000E+00 0.0000E+00 0.0000E+00 0.0000E+00 0.0000E+00 0.0000E+00 0.0000E+00 0.0000E+00 0.0000E+00 0.0000E+00 0.0000E+00 0.0000E+00 0.0000E+00 0.0000E+00 0.0000E+00 0.0000E+00
3.1486E-01 3.8991E-01 4.6785E-01 5.4374E-01 6.1213E-01 6.6776E-01 7.0672E-01 7.2654E-01 7.2655E-01 7.0708E-01 6.6921E-01 6.1442E-01 5.4459E-01 4.6317E-01 3.7551E-01 2.8843E-01 2.0872E-01 1.4193E-01 9.0371E-02 5.3866E-02 3.0144E-02 1.5786E-02 7.6284E-03 3.4226E-03 1.4171E-03 5.0997E-04 1.8689E-04 0.0000E+00 0.0000E+00 0.0000E+00 0.0000E+00 0.0000E+00 0.0000E+00 0.0000E+00 0.0000E+00 0.0000E+00 0.0000E+00 0.0000E+00 0.0000E+00 0.0000E+00 0.0000E+00 0.0000E+00 0.0000E+00 0.0000E+00 0.0000E+00 0.0000E+00 0.0000E+00 0.0000E+00 0.0000E+00 0.0000E+00 0.0000E+00 0.0000E+00 0.0000E+00 0.0000E+00 0.0000E+00 0.0000E+00 0.0000E+00
2.7344E-01 3.3771E-01 4.0360E-01 4.6679E-01 5.2278E-01 5.6742E-01 5.9749E-01 6.1103E-01 6.0710E-01 5.8593E-01 5.4795E-01 4.9500E-01 4.2975E-01 3.5656E-01 2.8091E-01 2.0944E-01 1.4706E-01 9.7169E-02 6.0069E-02 3.5048E-02 1.9049E-02 9.8480E-03 4.6425E-03 2.0521E-03 7.5569E-04 2.9611E-04 1.0715E-04 0.0000E+00 0.0000E+00 0.0000E+00 0.0000E+00 0.0000E+00 0.0000E+00 0.0000E+00 0.0000E+00 0.0000E+00 0.0000E+00 0.0000E+00 0.0000E+00 0.0000E+00 0.0000E+00 0.0000E+00 0.0000E+00 0.0000E+00 0.0000E+00 0.0000E+00 0.0000E+00 0.0000E+00 0.0000E+00 0.0000E+00 0.0000E+00 0.0000E+00 0.0000E+00 0.0000E+00 0.0000E+00 0.0000E+00 0.0000E+00
2.3056E-01 2.8411E-01 3.3847E-01 3.9012E-01 4.3539E-01 4.7093E-01 4.9399E-01 5.0261E-01 4.9594E-01 4.7376E-01 4.3697E-01 3.8756E-01 3.2912E-01 2.6621E-01 2.0413E-01 1.4787E-01 1.0103E-01 6.4955E-02 3.9161E-02 2.2355E-02 1.1946E-02 6.0037E-03 2.7373E-03 1.1675E-03 4.1771E-04 1.7396E-04 2.6691E-05 0.0000E+00 0.0000E+00 0.0000E+00 0.0000E+00 0.0000E+00 0.0000E+00 0.0000E+00 0.0000E+00 0.0000E+00 0.0000E+00 0.0000E+00 0.0000E+00 0.0000E+00 0.0000E+00 0.0000E+00 0.0000E+00 0.0000E+00 0.0000E+00 0.0000E+00 0.0000E+00 0.0000E+00 0.0000E+00 0.0000E+00 0.0000E+00 0.0000E+00 0.0000E+00 0.0000E+00 0.0000E+00 0.0000E+00 0.0000E+00
1.8862E-01 2.3210E-01 2.7604E-01 3.1771E-01 3.5388E-01 3.8183E-01 3.9908E-01 4.0385E-01 3.9520E-01 3.7302E-01 3.3862E-01 2.9455E-01 2.4444E-01 1.9274E-01 1.4395E-01 1.0145E-01 6.7595E-02 4.2303E-02 2.4985E-02 1.3822E-02 7.3069E-03 3.5483E-03 1.6114E-03 6.4897E-04 2.2480E-04 8.1151E-05 0.0000E+00 0.0000E+00 0.0000E+00 0.0000E+00 0.0000E+00 0.0000E+00 0.0000E+00 0.0000E+00 0.0000E+00 0.0000E+00 0.0000E+00 0.0000E+00 0.0000E+00 0.0000E+00 0.0000E+00 0.0000E+00 0.0000E+00 0.0000E+00 0.0000E+00 0.0000E+00 0.0000E+00 0.0000E+00 0.0000E+00 0.0000E+00 0.0000E+00 0.0000E+00 0.0000E+00 0.0000E+00 0.0000E+00 0.0000E+00 0.0000E+00
1.4960E-01 1.8433E-01 2.1923E-01 2.5216E-01 2.8063E-01 3.0220E-01 3.1461E-01 3.1639E-01 3.0650E-01 2.8541E-01 2.5469E-01 2.1697E-01 1.7597E-01 1.3531E-01 9.8458E-02 6.7692E-02 4.4013E-02 2.6877E-02 1.5544E-02 8.4124E-03 4.3104E-03 2.0314E-03 8.9786E-04 2.8847E-04 1.1830E-04 3.1543E-05 0.0000E+00 0.0000E+00 0.0000E+00 0.0000E+00 0.0000E+00 0.0000E+00 0.0000E+00 0.0000E+00 0.0000E+00 0.0000E+00 0.0000E+00 0.0000E+00 0.0000E+00 0.0000E+00 0.0000E+00 0.0000E+00 0.0000E+00 0.0000E+00 0.0000E+00 0.0000E+00 0.0000E+00 0.0000E+00 0.0000E+00 0.0000E+00 0.0000E+00 0.0000E+00 0.0000E+00 0.0000E+00 0.0000E+00 0.0000E+00 0.0000E+00
1.1520E-01 1.4217E-01 1.6949E-01 1.9511E-01 2.1712E-01 2.3327E-01 2.4172E-01 2.4106E-01 2.3084E-01 2.1176E-01 1.8551E-01 1.5479E-01 1.2259E-01 9.2068E-02 6.5296E-02 4.3884E-02 2.7814E-02 1.6626E-02 9.3378E-03 4.9834E-03 2.4298E-03 1.1408E-03 4.7808E-04 1.5044E-04 6.2341E-05 0.0000E+00 0.0000E+00 0.0000E+00 0.0000E+00 0.0000E+00 0.0000E+00 0.0000E+00 0.0000E+00 0.0000E+00 0.0000E+00 0.0000E+00 0.0000E+00 0.0000E+00 0.0000E+00 0.0000E+00 0.0000E+00 0.0000E+00 0.0000E+00 0.0000E+00 0.0000E+00 0.0000E+00 0.0000E+00 0.0000E+00 0.0000E+00 0.0000E+00 0.0000E+00 0.0000E+00 0.0000E+00 0.0000E+00 0.0000E+00 0.0000E+00 0.0000E+00
